0 4
1 5
2 9
3 11
4 12
5 22
6 23
7 25
8 26
9 31
10 36
11 37
12 38
13 39
14 40
15 41
16 42
17 43
18 44
19 45
20 46
21 48
22 53
23 57
24 58
25 65
26 68
27 74
28 76
29 77
30 79
31 80
32 81
33 83
34 88
35 99
36 100
37 101
38 102
39 103
40 104
41 114
42 117
43 118
44 130
45 131
46 132
47 141
48 142
49 143
50 148
51 149
52 150
53 151
54 152
55 153
56 158
57 159
58 160
59 161
60 165
61 166
62 167
63 200
64 201
65 208
66 216
67 217
68 218
69 220
70 221
71 231
72 237
73 238
74 239
75 243
76 244
77 245
78 246
79 249
80 251
81 254
82 255
83 256